image_width: 640
image_height: 480
camera_name: camera
camera_matrix:
  rows: 3
  cols: 3
  data: [571.230909, 0.000000, 315.090470, 0.000000, 571.211641, 244.368256, 0.000000, 0.000000, 1.000000]
distortion_model: plumb_bob
distortion_coefficients:
  rows: 1
  cols: 5
  data: [0.107683, -0.213940, 0.006122, -0.002465, 0.000000]
rectification_matrix:
  rows: 3
  cols: 3
  data: [1.000000, 0.000000, 0.000000, 0.000000, 1.000000, 0.000000, 0.000000, 0.000000, 1.000000]
projection_matrix:
  rows: 3
  cols: 4
  data: [578.287598, 0.000000, 313.108077, 0.000000, 0.000000, 578.513428, 246.009539, 0.000000, 0.000000, 0.000000, 1.000000, 0.000000]
